4294967279,101
4294967279,100
4294967279,99
4294967279,111
4294967279,110
4294967279,109
4294967279,108
4294967279,107
4294967279,106
4294967279,105
4294967279,104
4294967279,103
4294967279,102
4294967278,282
4294967294,433
4294967294,424
4294967279,272
4294967278,268
4294967294,538
4294967294,446
4294967294,444
4294967294,423
4294967294,66
4294967294,35
4294967279,131
4294967279,130
4294967279,129
4294967279,128
4294967279,127
4294967279,126
4294967279,125
4294967279,124
4294967279,123
4294967279,122
4294967279,121
4294967279,120
4294967279,119
4294967279,118
4294967279,117
4294967279,116
4294967279,115
4294967279,114
4294967279,113
4294967279,112
4294967279,271
4294967278,267
4294967279,284
4294967278,266
4294967279,269
4294967278,36
4294967278,35
4294967278,34
4294967278,33
4294967278,32
4294967278,31
4294967278,30
4294967278,29
4294967278,28
4294967278,27
4294967278,26
4294967278,25
4294967278,24
4294967278,23
4294967278,22
4294967278,21
4294967278,20
4294967278,19
4294967278,18
4294967278,17
4294967278,16
4294967278,15
4294967278,14
4294967278,13
4294967278,12
4294967278,11
4294967278,10
4294967278,9
4294967278,8
4294967278,7
4294967278,6
4294967278,5
4294967278,4
4294967279,132
4294967279,22
4294967279,21
4294967279,19
4294967279,17
4294967279,15
4294967279,13
4294967294,50
4294967278,265
4294967294,1094
4294967294,1092
4294967294,1091
4294967294,1090
4294967294,1089
4294967294,1021
4294967294,1020
4294967294,1017
4294967294,1015
4294967294,1013
4294967294,1010
4294967294,1003
4294967294,1002
4294967294,1022
4294967294,186
4294967294,441
4294967294,430
4294967279,266
4294967278,281
4294967278,280
4294967279,260
2,5
4294967294,107
4294967279,265
4294967278,279
4294967294,6
4294967294,94
4294967294,93
4294967294,96
4294967294,95
4294967279,264
2,4
2,3
2,2
2,1
4294967278,278
4294967278,260
4294967278,0
4294967279,263
4294967294,8
0,7
4294967294,393
4294967294,44
4294967294,53
4294967294,1152
4294967294,419
4294967294,1023
4294967294,90
4294967294,86
4294967294,85
4294967294,92
4294967294,88
4294967294,520
4294967294,61
4294967294,36
4294967294,39
4294967294,165
4294967294,113
4294967294,177
4294967294,30
4294967294,164
4294967294,189
4294967294,80
4294967294,174
4294967294,169
4294967294,42
4294967294,76
4294967294,43
4294967294,387
4294967294,51
4294967294,112
4294967294,167
4294967294,180
4294967294,1093
4294967294,1088
4294967294,1018
4294967294,1016
4294967294,1012
4294967294,1011
4294967294,1009
4294967294,1006
4294967294,1005
4294967294,1001
4294967294,401
4294967294,161
0,5
4294967294,69
4294967279,262
4294967294,81
4294967294,11
4294967294,429
4294967294,427
4294967294,14
4294967294,127
4294967294,20
4294967294,13
4294967294,160
4294967294,126
4294967294,18
4294967294,12
4294967294,175
4294967294,183
4294967294,182
4294967294,176
4294967294,173
4294967294,170
4294967294,1099
4294967294,1095
4294967294,163
4294967294,190
4294967294,1096
4294967294,82
4294967294,68
4294967294,46
4294967294,115
4294967294,388
4294967294,116
4294967294,168
4294967294,162
4294967294,5
4294967294,104
4294967294,166
4294967294,24
4294967294,184
4294967294,384
4294967294,188
4294967294,185
4294967294,99
4294967294,22
4294967294,17
4294967294,67
4294967294,41
4294967294,120
4294967294,417
4294967294,451
4294967294,535
4294967294,422
4294967278,132
4294967278,131
4294967278,130
4294967278,256
4294967278,129
4294967278,128
4294967278,127
4294967278,255
4294967278,126
4294967278,125
4294967278,124
4294967278,123
4294967278,122
4294967278,251
4294967278,121
4294967278,249
4294967278,120
4294967278,247
4294967278,119
4294967278,245
4294967278,118
4294967278,243
4294967278,117
4294967278,241
4294967278,116
4294967278,239
4294967278,115
4294967278,114
4294967278,113
4294967278,235
4294967278,112
4294967278,111
4294967278,110
4294967278,109
4294967278,108
4294967278,107
4294967278,106
4294967278,105
4294967278,104
